762	-3.64395900146528
200504	-4.20163981570223
115677	-2.161194975966
79674	-2.97722111495921
7134	-4.59653896031379
7010	-2.99547358344443
51705	-2.84723882421423
7123	-4.50444195355581
51208	-6.32317207718345
10351	-2.27095243455189
11170	-4.26972254367001
92086	-4.23439469800156
6943	-2.94619118377795
1901	-3.22092945710832
283383	-2.25773018597646
991	3.88040307720008
11095	-3.16352782832486
58494	-2.1856303496881
90952	-2.79578103576709
9079	-2.58832956633897
22974	4.03396173673599
11185	-4.58620039713455
6513	4.99450080248782
9457	-2.51723914513462
53405	-4.23807880684211
80177	-2.36340407377701
5347	2.81897320465375
94	-2.72897759995694
10395	-3.19191091044046
207107	-4.62089297240055
177	-7.01517863851324
221395	-3.59678487408382
92162	-2.19385653955867
23397	2.76982157047721
2823	-2.6575507961949
126669	-2.15320880496591
4881	-2.86516408913981
256949	-2.37144967433578
125	-4.80101027065148
24137	2.65807197961719
11065	4.12330738870442
9493	2.33304841931387
100505495	-2.03152842254556
55165	3.0024533744114
5199	-1.6120279899828
113130	2.95165711966351
54443	3.17721205228507
2305	3.48575340772605
202559	-1.6684111907628
6332	-2.81056190060319
9055	2.84373405093783
2277	-3.94702384527004
10044	-2.36934840404828
5787	-2.59299589240734
158376	-1.5917751733413
79825	-2.43261783089453
9936	-2.15849763019881
1556	-4.09225329257865
123264	-2.04459761912577
203	-2.00567707969142
891	3.05694316148389
1910	-3.54588847498285
5239	-1.99741244769083
83878	-1.36904034558761
4605	3.94312637113513
723809	-2.88295288902456
641700	-2.37619533454897
9787	2.78348993459847
9104	-1.87800805712104
22899	-2.34707642687912
332	3.49549137871872
64116	-3.54137089258949
10266	-2.90436785132079
79625	-4.16469113643975
9133	3.10943216220145
115727	-1.41730129170908
5319	-3.87219738133045
56241	-4.42947015452927
220134	2.19264030781057
54538	-2.82288561406312
2273	-3.51547513836075
2878	-3.5886783195511
9254	-4.04192612944649
890	2.91295704780465
126393	-3.12799037348455
1674	-3.90473600219683
2160	-1.59736642379072
8516	-2.42719214663219
9319	2.83667732647795
51751	-2.99986175586884
4751	2.65312898700005
1063	2.79849967014024
23624	3.05211627312045
3832	2.66900946482046
8436	-4.17922770020116
338328	-3.76959879869446
8318	2.80443703263393
11004	2.96685341269608
199675	-4.7947088010896
8630	-3.35205293232561
7020	2.63037311799373
4288	2.86591922756568
219995	-4.03842596382191
701	2.61234326795508
10024	2.5367766439295
100820829	-2.42746133293929
2597	2.40270457462044
1361	-3.53940824591218
1003	-3.00663493289285
9824	1.99111768731738
9068	-1.76469756139828
28984	-3.436554986549
2264	-2.78877182034252
221692	-1.90383122895529
1058	2.57080359278642
1580	-5.22956167061775
9754	-2.0014065249929
94274	-2.36780708304154
7153	3.84465467014801
219348	-2.70090879058704
5348	-1.48408187112367
2662	-2.94015350090758
4173	2.65641926022631
55273	-4.09314001301701
29127	2.05248334663457
27255	-1.6636534174439
150468	2.06930510417532
5175	-2.88534478964416
9156	2.09674280557492
4171	3.00860037426156
55289	-1.52566608137229
699	2.23815328234139
126668	-1.49797870779061
55679	-2.28116629545607
10894	-3.0014293068973
2288	1.90858406140718
100129902	-2.96514135112894
29089	2.9756297479689
408	-2.52937856166291
6886	-1.52344871845872
51512	2.16844626897837
55355	2.58261130831336
80014	-2.1917540425709
5888	2.07042101907472
29128	2.23950443543921
6505	-2.84461560006908
847	-2.13689351707459
56729	-3.6824829814576
84913	-2.85941119635869
57864	-2.48238708687456
5166	-3.58403394063723
26628	-2.13161492775628
5905	1.42378287519065
55038	2.16636014846403
6442	-2.07896962847378
730005	-2.26735534049524
23170	2.0258045531761
7272	2.41573058696039
161198	-2.76030180495428
9212	2.97549403601414
84823	2.09486003781842
358	-3.79584878768981
7075	-2.19640979145019
3373	-2.58743785771675
9401	2.26370653809051
1832	3.99651208630329
55635	1.80150863048058
3777	-2.73312173424047
10112	2.59585567574782
64174	-2.01491368052184
33	-2.09476310898789
983	2.63406916044465
2819	-3.32542955852986
55143	3.02728642460386
8676	-2.53240901123653
221150	1.92309867536659
64151	2.16600162873344
83850	-1.55308378535552
54972	2.49456244501159
361	-4.803939062507
8431	-1.95515831051851
23171	-1.9908479828959
55723	2.69108096035573
990	2.59957689579463
140706	-1.77587750567985
1111	1.78464943550662
54491	-2.28292844508691
253970	-3.94990624772695
153579	-2.73694415019842
3040	-4.18020036507923
6799	-1.57196870588083
9700	1.77619079260031
3833	2.74568901154413
101929371	-2.15187642444721
57477	-1.82404708130424
23584	-3.75858813572061
3953	-1.79395232890014
2791	-2.81373320173193
27338	2.29384453657603
164312	-2.89179331023406
116835	-2.11415403435217
400550	-2.51866677790844
55215	2.22958989564853
8547	-4.51352081789041
55612	3.15944300210656
51203	2.98721334745867
147841	2.05976237672349
4239	-3.77949114362963
128218	-3.44969089513714
155038	-2.59875099869341
9837	2.49208334935754
4176	1.93764520778477
4919	-1.68453970901482
8438	2.12161596876069
64236	-1.50171823256989
55872	2.63179624616121
9088	2.13695875291404
55771	2.23339131076997
30815	-1.52964064883247
114905	-1.74548147845429
8692	-1.51551451039186
217	-2.10154410194559
81620	2.48168142672756
7148	-2.81112501798497
146909	2.46624826559383
23382	-2.33090096556234
120892	-3.33453974909364
7167	1.65023021129652
64399	-2.55241543502516
157310	-4.81293152904369
3838	2.44917384408207
2034	-3.06265158985439
23345	-1.73075238674947
7048	-2.60804324286951
6535	3.40885650331936
368	-1.4886025637861
4023	-3.49660306475783
102724820	-1.65249515701
3159	2.7511371108615
64321	-1.99002739068438
5818	3.83276761940408
140828	-2.03812205642999
64065	3.21709232579098
8991	-3.8806368313496
10403	2.28007104513538
9833	2.87762686977982
51562	-1.69481308923512
10535	1.92154746713968
6817	-1.50490734614262
9928	1.65144431468456
221	-2.92541677867877
6241	3.14055600034503
10615	2.44882286281642
5923	-2.28698538153299
80179	1.36072073534391
57082	1.40120029545631
55789	1.77274116519659
219790	-3.12118109812717
11169	1.6533476941188
128239	2.23798906027148
90381	1.51029892090344
170371	-1.85596860706643
1163	2.06451685142657
10580	-1.8380632928108
222584	2.98264371646906
1104	1.59129464952933
83540	2.40149068786453
84701	-2.71860551107179
9934	-1.48009001188185
2348	-4.7146814801698
135656	-1.38884667243961
6790	2.46683844146062
9496	-2.49062762287776
10742	-2.13689333699706
4085	2.11908869795027
3563	-2.09573229432005
26472	1.8946342169526
10460	1.68916303843968
993	1.5751115960576
58484	-1.63392180815018
25959	-2.09628092631246
57716	-2.818886190907
23371	-2.14508882500053
57650	1.81111897475407
55257	1.33639848715713
3043	-4.83195759571252
57514	-2.09450087706746
400568	-1.57049150613125
54821	1.40187295445632
6440	-8.97798292437152
9232	2.52521465892811
10733	1.49132153106125
2146	2.0163200084905
899	1.76286701181488
26112	-2.20181083513133
9034	-1.79189959103618
2237	2.15435520186864
10826	-2.37851386471031
259266	1.96412992938967
8914	2.01567409000441
11130	2.63556588668934
80704	-1.91457086865219
1033	2.42032117699141
84952	-2.36352870975893
9912	-1.98438510813224
55388	1.90122395720567
22998	-3.04935729726239
1894	2.62105491187763
6035	-3.03976559646088
83461	2.00093991997982
395	-1.37229160086746
146556	-4.62276575438394
57381	-1.99106870110996
2294	-2.36255681946047
54845	1.52740711009608
2	-3.39473754510098
3728	2.21773130424951
387103	2.52792715922397
9918	2.097503402466
57549	2.98354127934308
142683	-3.31917161318939
120425	-2.05779840818669
23650	4.04801667773951
6472	1.7514221804298
10129	-1.59986027372573
6693	-2.45362758640584
7516	1.54310094974898
55055	1.44450634000523
474344	-2.46396419964245
10036	1.72833982102008
1944	2.04215958640754
4008	-2.42030931206381
2078	-1.86802716367425
101930164	-1.67629043646088
29968	3.62793436984907
51659	2.18280744854782
55282	-2.18890844829954
8741	-1.94881500868223
10268	-3.18761294534082
27145	-1.64451137491388
185	-1.34966459965334
84106	-1.84373698590976
83891	-1.75488987517085
144455	1.73544902374071
7083	3.20286378975377
1073	-1.46948522327089
5984	2.52396072434905
80243	-1.41507575084499
64651	-2.83350956756479
6502	2.2862908523349
5708	1.68803212264816
440738	-1.96018825145857
1346	-1.94848201051205
5315	1.45890707757405
84239	-2.64664792186042
1528	-2.10579682888295
4521	1.66546800406857
6751	-1.84441145965662
1945	1.64213702954439
57669	-1.45496779354384
10753	-1.91837529085262
2219	-2.25636734942074
347694	-2.09174973734507
8639	-3.3759718838394
790	1.58737584919081
9365	-1.5639375172009
4998	1.96640263940241
1829	2.15564414829451
221303	-2.37374727360392
3853	7.43738338435902
8704	1.3840774688446
89958	2.53084622895172
79682	2.3530722978037
84879	-2.25691718004273
2157	-1.7493891621392
1080	-1.83631420476863
3170	-2.80552564410455
9728	-1.71651005626858
26586	1.73508540043587
27076	4.42647484334092
10516	-2.55012058938653
5268	4.67761563461059
2327	-3.29623115012564
22918	-2.61571665825116
63876	-1.36623644414965
400406	-1.81807046271652
9768	2.23214401372497
7145	-2.76378827690192
5225	-5.44116383999191
10396	-1.92114053675774
196883	-1.41835802058357
84951	3.68161094114903
5902	1.64289747798443
3070	1.46292134181055
6844	-1.40384204555652
27303	-1.41313758844848
79927	-1.58265412777629
100507617	1.80932109330997
27129	-1.52998160399675
51170	-1.82471325022581
687	-1.82736303498619
54478	2.00662711534914
79161	-1.56897295218665
53346	-1.33996499909129
9625	-1.80962529294957
1808	-2.39715022181464
55920	1.77976102422625
128346	-2.40045878661339
2707	3.48908276410526
6368	-2.44485020839033
6196	-2.30083721005198
5799	-1.61354805377492
83547	-1.55048206219627
23594	1.72052642599895
340419	-1.40842395820079
25890	-2.64584367031015
9631	1.63124701998745
100507632	-1.61763181350357
57405	2.02602638094997
54892	1.70340259620606
1062	1.45320452987123
10893	-1.81420997550494
3899	-1.44276054417875
389376	-5.36444900131488
91851	-3.29703477073465
27063	-4.01434187787899
79075	1.60796870107177
2869	-2.16526384906654
8671	-1.87467368452627
306	-2.36121394882897
10721	1.36110516401099
1294	3.22657305914511
91057	1.65401884600797
10606	1.90149237058907
1675	-2.9626451419708
8698	-2.06146154790917
400619	1.94532615436055
9459	-1.68949711678634
55332	-2.43691395135982
51393	-2.06004376312133
2491	1.43115828000553
64946	1.7553408188652
9630	-1.78249776071852
7080	-3.57251688417676
90417	1.50862935098173
157313	1.86308452032688
81610	2.94403581293562
79974	-1.7349676038778
3738	-1.69430277588043
151126	-2.3153268465972
79017	1.78354713677419
81615	-1.71653767251768
7203	1.38068032088449
10235	-1.35549574005778
29028	1.89641767744139
7099	-1.88195749143997
642574	2.3192986927316
2203	-3.54008785421239
4306	-1.64444062646879
2821	1.64780991772424
641	1.3625226684916
101928919	-1.99361719208327
4360	-3.56301707860533
11187	2.20842944707431
27306	-1.68102675673322
6586	-2.28830497948772
51514	1.9507732638998
3572	-1.65749172235338
22915	-2.32083312479097
4242	-1.91944950580576
55040	2.20072638376413
1434	1.48424739553358
2206	-1.58757485777537
116028	2.25853449993972
8850	-1.41264201763852
653	-2.21085910603613
353514	-2.08716132434546
1285	-2.20835078766383
10365	-2.75173833404167
22948	1.71323028860237
23554	-2.6301518962652
79801	1.57402375215323
80274	-1.7169889094683
79098	-2.86008299940756
8836	1.97540838310087
1043	-3.39694447328944
25927	-1.39794996677831
152273	-1.93259270580098
5873	-1.36969112238446
7466	-1.89169189754348
55022	-2.19604063583136
79019	2.19082238782568
7374	1.56356576391126
1870	1.39110084935372
399670	-1.99573106404962
3835	1.40884469368941
10203	-2.35539948416981
5581	-1.50684066900985
6258	-1.39193338120353
79000	1.5297608414085
51294	-1.89016915219077
8999	-1.43078709571908
100128750	-1.70509125858276
11339	1.97184887728885
10871	-1.96079136154509
22885	-1.69439820128059
80178	1.68442077367013
11222	1.55244788206512
84790	1.71520005209517
1636	-2.06631653584321
8309	-1.40014189594371
2627	-2.05239912372247
6712	2.0865463938379
4815	-1.98107265794207
135932	-2.18919011787892
154	-2.25369634386803
3384	-1.95405662156311
1604	-2.38513239758632
6403	-2.30818597735159
126014	-2.37116042189854
152007	-2.34741756277813
160364	-1.70614083836528
94081	1.44483313930736
3133	-1.7155523675138
1825	4.64938113570156
6928	-1.88604181193797
51053	1.55017789872516
56920	-2.24836331359297
84057	1.69288240415878
6649	-2.39127320633599
8578	-1.73075233667556
54069	1.64140906780888
1408	-1.39545275663732
7869	-2.52158864449737
55118	-3.44420606299065
51162	-2.00665257662331
5284	-4.63422539839223
51285	-1.98682082875161
84552	1.75147787355281
3619	1.64214957554277
2268	-2.26419487611214
116832	2.86146533796968
286189	-2.36257592176243
6344	-2.13297631729127
5050	2.08223734571307
146722	-2.21195961677602
8208	1.58190776011578
286133	-2.36042696641408
342035	-1.71495138484372
93663	-1.85500458707035
146956	1.3647623406793
23705	-2.39538994096355
5831	2.46588956563854
427	-1.83054688773054
10195	1.83123227565376
9839	-1.40236179740336
4048	-1.49845972361268
54674	-1.62749543950753
10979	-1.65493060460618
3872	6.01871537129082
1468	1.41926219103164
6240	1.63562722756762
100506658	-1.44162450936093
6491	1.52859932186148
200933	1.87555124659437
55726	1.38532361200249
8607	1.39870990329517
4830	1.85618305725176
100506237	-1.34150320939077
4796	1.57079210564833
7106	-1.76456260825691
51090	-1.73092535627369
6711	-1.75244532902849
4139	1.74340818739991
2616	1.63798490015343
105369734	-1.90460782319981
2159	-1.54591239460438
2615	-2.35443903249233
5738	2.4418254579455
181	-2.03433325420763
11200	1.5887218201503
256691	-2.87879835081113
10223	-2.16621726129772
6532	-3.48372171488874
84515	1.46033473781623
6715	1.49933155903935
7450	-2.72628855453247
6696	4.12569997279805
86	1.95103277681382
22875	-2.02514368265932
1952	2.12299398815124
1512	-2.61222511376867
1368	-2.64222248645597
27074	-3.15418355724633
9535	-2.20302395070004
2013	-2.46306190477315
58475	-2.60736737151732
51554	-1.34152043263803
51311	-1.59272529781363
10687	-1.55124810177128
2330	-2.05841957855778
2217	-1.55012403817062
79812	-2.02979946263772
146429	-3.00669130126498
23604	-1.59255496509642
8685	-4.25665356510646
8742	-1.8332890993714
255877	-1.87436492025247
10635	2.16701947820482
284	-2.06819520483061
79836	-1.55111011463611
105375355	-3.8286957202218
5939	-1.6037603128698
350	-2.23334904167165
3068	1.33559483752876
4900	-2.98869116323692
170575	-1.72116960778263
168537	-2.51373112606884
7283	1.39621385863813
5985	1.34611996360924
9046	-2.33048802285187
79689	-3.05230787302632
255189	-2.35039304450875
8322	-1.82518420168812
57608	-2.21517637497851
56992	1.50601771951209
57658	-1.48541413710336
1524	-1.75664132064507
2022	-2.11402925449176
7371	1.85735841072265
2709	3.65768036197581
5307	3.47909417941641
9718	1.84453939510263
191	1.45145068495837
4855	-1.77887606655535
4481	-2.70725551480012
203190	-2.94137983794154
1841	1.35825803624866
976	-2.26629187794455
3161	1.8714432363729
3852	6.69735564609569
947	-2.05921928260595
9806	-3.38424214115991
92667	1.54856868585367
84319	1.39600080904092
375033	-1.59885470330107
56915	1.4760913181409
2977	-1.34386789917438
23246	1.8216989399181
2890	-1.58372310750843
8869	-1.84396740009023
5111	1.89165896697564
23492	-1.46106426051495
141	-1.3594418465267
55839	1.44370606589887
23221	-2.3971244979301
3241	-1.48660511418719
4332	-2.12653096154966
2167	-4.41767215010211
55081	-1.58271422486426
7122	-2.79751097192061
722	-4.67961262509563
7162	1.8413918802081
25802	-2.17701608209672
64168	-1.3915952949089
9732	-1.61156398059792
116159	-2.07498664009406
3898	2.44120137675136
55640	-1.61887985971474
695	-1.73922349140977
146894	-1.75206141811699
84525	-2.93757360209958
3664	2.54080326794399
10326	-1.85297597467076
1830	5.15849349582153
4321	3.951646109991
152002	1.88401125389826
79901	-2.18684162868559
79083	-2.76042687865896
338557	-1.45109211918313
285043	-1.77378646223038
1515	2.56887444137547
79632	-1.38413737308256
100506696	1.79011549824511
4739	-2.22544760089208
2049	2.27677732880929
57091	-1.78494901996059
8994	-1.3540574967856
9735	1.40945476342022
745	-2.45166163265982
1736	1.66050747923101
153	-2.31832221309179
1843	-2.78419360362924
4320	3.60319186810567
400120	-1.98584502103655
171177	3.45083281418795
127845	-1.81029438475996
10659	-2.15874849680242
11247	3.12714205290124
5058	1.51986617313407
55010	1.43367802613568
115019	-2.25771473036834
8395	-1.85149317419105
10360	1.96273467304473
55885	-2.42307114104234
6929	1.38305573445122
898	2.29386795712739
240	-2.59246958726119
8087	1.32733042293408
51155	1.4921719697555
8140	2.91704618706458
1441	-2.26637965149086
7940	-2.02319383714719
25987	1.87208217403276
5317	4.87363943366506
22898	-1.83348979255344
642587	3.45362439637794
255480	-1.51010222266553
84734	-1.38776053892952
57088	-1.47247935456878
10568	-5.13853026621239
2313	-1.69625930572134
80323	-1.54209435827704
2995	-2.02769679233131
25800	1.33902949156389
388743	-2.10347449536044
11326	-3.24489648481437
1286	-1.92583284958723
1396	-1.56150981725259
51726	1.48106663254778
10970	1.60593892909326
21	-4.06899537123633
4174	1.53731335668637
8833	1.60333422047293
7298	2.15772025873015
83879	2.26297161008672
5591	1.55196032469766
84418	-1.50341641215254
81035	-2.20636686917281
9452	-2.39570561209072
9476	-5.53497359523909
731424	-1.87826688248845
3691	2.78513630700762
84981	-1.84365683850781
91768	-1.63344350760648
131873	-1.98945213466889
8851	1.57078995715491
4976	1.37678348533902
91624	-1.59115894419967
54820	1.37857298387754
9411	-1.75607684561913
130271	-1.57872897791365
5797	-1.8772383959784
401548	-1.48541545954764
4282	1.81157873266264
27151	-2.10102157022679
6441	-5.60042856025367
90627	-1.47138536540867
388325	-1.65644196982787
63922	1.3711667354133
316	-1.7718828177405
1036	-1.80624666135077
23328	-1.56683467703301
55299	1.47022581672574
344148	-1.78568963998478
8490	-2.09840435541879
10497	-1.8159169906366
166929	-2.08992544119964
79733	1.3512288072362
2532	-3.20029475172292
11260	1.33813356027633
5471	1.44383226483516
64284	-1.74127460378747
2205	-1.93168876911388
203068	1.38670892842795
23500	-1.60420398103597
83604	-1.72335967820514
155465	-3.77625060976195
254295	-1.79462577483315
124222	1.48806675055552
10370	-2.21827994985317
260425	-1.37032238703725
54517	1.42882419608191
3149	2.10974863341041
9601	1.54975705539457
995	1.4256096364366
4175	1.79779230020029
10186	-1.78268941457537
1154	-1.51074597019164
55303	-2.09356971275064
7433	-2.6004801420847
1001	3.20545337331664
284417	-1.68018637181883
1193	-2.05518307785553
7784	1.45558560039052
4129	-1.96451455755017
6941	1.57079071457577
9582	2.332706793517
3176	-1.45098767108763
11197	-4.19478086812325
5412	-1.53150377860673
284252	1.97209065689392
57188	-1.52404057861153
85465	1.53915221982628
241	-2.85058416171353
84976	-1.45032645093318
23616	1.37043201927448
387763	-2.52794145850856
104797538	2.16493881772213
205	1.79110663744357
6236	-2.89458421237643
286077	1.75653166656994
4969	-2.43905305180623
2178	1.57970942695846
9467	-1.59542649507563
728	-2.03287592892769
1857	1.63740071064938
285141	-1.73927310906622
6769	-2.01042780577875
79987	-1.68665323891096
7025	-1.81819260507493
58191	-1.69075937579687
256764	2.25407850627821
1824	2.34300259993628
717	-2.01881110689607
2358	-2.0219775746785
53836	3.78724399078927
8839	-2.3054982335168
5437	1.56216998188055
147700	1.6215007517899
11073	1.55859384868116
646576	-1.7717938147644
29992	-1.77334266854546
6624	2.59528486100818
283349	-1.4111609132013
90273	-1.41395810518926
92304	-4.79390561474314
6098	-2.50917106285845
1978	2.30641297706299
63967	1.41711447070809
653509	-7.27982467685348
81607	2.46417202226058
5473	-2.52535262282081
23576	-1.84217826518171
730	-3.7036558424475
7462	-1.44348125820527
56649	3.24640922728786
2706	4.57403543826331
63979	1.36573692873622
103695435	2.01698561704359
911	-1.48321448073086
2817	2.47198317526935
6273	5.35863021696117
8508	1.4317260240897
196996	-1.91273800406479
114769	-1.36697128166624
101805492	2.62120711856058
27147	-1.6615711743059
115908	3.02587813592255
3868	5.74293217659892
220213	-1.41608851117576
6910	-1.45793915303734
6478	1.58268470746462
11346	-1.7337075634814
6097	-1.81586037381055
1593	-2.49900124672996
30001	1.69417105767743
11343	-2.16690653009102
152573	-1.49611116477321
80760	-1.85806848750285
5916	1.43397638921117
1519	-1.42630818881368
64123	-1.61738561615183
100885782	-1.55152930661024
348793	1.36003468258086
55620	1.45659641272317
780	1.47675260972287
948	-2.38217465417357
283	-1.51493674288224
9022	-2.66323625487967
2701	-1.79302903938094
6768	1.3499471449782
115207	-1.72961471285028
140733	-1.53732516234008
4091	-1.62723497671854
8404	-2.44430539562682
26355	1.39899692641976
160418	1.39645651429407
6628	1.39636537973675
222	3.05945555669208
4973	-3.05871786397123
199731	1.59701190375579
4001	1.95501373222545
5597	1.33700152445787
2920	-3.69827171826924
322	-1.43635383911652
84321	1.40093525420194
7113	-2.6568594881411
79742	-1.6456619273797
84296	1.42360787442181
9450	-2.08869831983744
10577	-1.62942873068855
10051	1.49415426382521
85377	1.42274132594792
9721	-2.01491748501853
81849	-1.61484989044843
55706	1.37306343732024
55689	1.40558468341513
5214	1.77844289894607
11030	-1.5722670343774
55911	-1.79039796361122
729238	-7.05622552890742
7447	2.33373607362607
3680	-1.63542806126621
81848	-1.79176627238697
2357	-2.11156294195144
64115	-1.57222093259671
10609	1.87404073133598
79652	-1.7805725985013
6404	-2.11575744470823
3939	1.4399023062708
23250	-1.83849607019155
908	1.38343996846876
9048	2.09448498448635
761	-1.85139891471792
27075	-1.77872430988099
51599	1.33275725512282
7704	-1.73840583901335
58529	-1.54030710882595
338596	-1.46362331926908
79977	1.47514088761391
896	-1.42286179777244
3101	-1.98656371633646
2189	1.45044007743919
9122	-1.71716841081199
54567	-1.54612967894455
10628	-2.01917015819748
4323	1.70280590100956
400451	-1.64286817804294
84283	1.97653534214924
2091	1.46212589410157
7035	-2.06141473414197
128272	1.88637780964387
3108	-2.09120480192036
7111	-1.33611349471811
1316	-1.67939555733086
57194	-1.56270542102702
55200	1.94160786633394
11142	-1.50022212099757
9231	1.3898892691239
249	-2.796696512237
388	-1.81884471236567
114787	1.53061017388704
23242	-1.647737980086
3329	1.51400077305758
120071	2.35604672201
23413	1.56076169063563
9121	-1.58544649347232
2852	-1.4399544530342
6867	-1.68925197244365
79888	-2.17581727274827
51411	-1.41772995651679
10791	-1.77099780876632
338707	2.40934312212515
374393	1.91807273945578
3730	-2.21132178957314
29841	1.78308822307055
1326	-1.33602814175266
165545	1.45403658817028
1906	-2.24164210050916
1520	-2.07266542547494
57513	-1.39863705236134
6909	-1.85005940949242
84886	-1.3379910540622
54210	-2.57052606850364
8613	-1.38014583173986
7538	-2.24908311238383
4616	-2.35469840539744
22883	1.44080021457852
25939	-1.65855037009949
8612	1.85043981474511
9052	-3.26351516042996
55341	1.39461412790954
81704	-1.57477570953787
857	-3.19371590399861
1428	-1.4919206256921
6556	-2.03153379090648
114904	1.6807281676844
3127	-2.39040663865298
5745	-1.38034645217058
27159	-1.60858176915209
9060	-2.23195752788115
122786	1.85665125371876
4542	-1.41578436343996
5013	1.74355194233594
3854	5.13804788938223
3784	-1.83187080044651
23532	3.31823097056596
54	-2.00862004395918
23645	-1.59521049401578
3131	-1.62819091944704
81617	-1.34051926302914
10105	1.60996056434596
80833	-1.70212099097535
4854	1.49909425769121
147372	-1.82678303155443
6358	-1.3576510350284
1869	1.51969203409334
6688	-2.06336242182839
1117	-2.65546698055818
79718	1.32829688635255
1474	-2.20266867185397
84706	1.69456102319249
2354	-3.84158835051727
51195	2.31569052109943
139818	-1.49683824661494
100128881	1.85846538885822
638	1.9913964536864
10346	-1.46678687005631
57822	2.46839826517389
3683	-1.87547754874367
113828	1.52064369194536
117156	-4.3109275565191
3977	-2.00142044102365
9793	1.33243846970839
114907	1.60030818886304
3336	1.42273042638055
51673	-2.96427231098674
6566	2.28965760512584
9173	-2.48770109941604
1831	-1.85039555117044
4839	1.37256883208353
969	-1.95121344928413
7402	-1.48398735782707
2324	-1.52273655444539
1359	-2.57542643924333
4241	2.33436095685376
83695	1.34239413215967
84733	1.89455468733434
10212	1.32692770502034
92241	-1.45310326516073
5376	-1.53942738081385
3672	-1.3664192519478
8626	3.96437090964827
23642	1.35360926450887
2196	2.95688576785286
2161	1.53286483147741
3251	1.48112725663431
5948	-1.57746941740452
55024	-1.33119185129074
8936	1.80238346430219
59277	-2.27939684211331
112399	2.29075037232306
10592	1.44443984438066
3248	-2.58908778300204
3229	1.55043509728381
4256	-2.65205728590382
810	4.7516497036451
186	-2.49247786947162
93010	-2.10443604896442
26011	1.42588372690533
6275	-2.13215549555133
3164	-2.65976883188072
84262	1.3292708373313
26227	1.93833269758995
23767	-2.48781393256742
6608	1.8218219540379
2041	1.37499987933751
57129	1.4461496496849
8884	1.46526646846317
11264	-1.42435098342335
54922	-1.72863201641923
51703	-2.09322565481754
23200	1.33991513963087
89853	-1.36855060185296
1300	2.63424484807805
9056	-1.76464799802886
400746	-1.50809853833023
3123	-2.29634123377918
111082963	-1.69071132546228
3727	-1.48073300549486
10398	-1.82567533747082
64979	1.41162535880631
107985343	-1.38713809441063
54965	1.65986503164109
3791	-1.88626478102631
2124	-1.94901162688659
29995	-1.35751327998883
257106	-1.4575565458143
90865	-2.51571089995235
104	-1.41782944678397
7305	-2.19208950147697
8654	-1.36425638319497
1521	-1.80044976433276
1382	3.43136428465836
5730	-2.99393638710998
157869	-1.33692290801838
53335	1.77333679472386
1301	2.94089282155256
79838	-2.06853578498888
149620	-2.11592783081533
150696	2.41575666379615
23180	-1.68855515151704
84216	1.53735591286366
5138	-1.33307722161277
6183	1.35164060305071
55224	1.34818393334012
3111	-1.98523013238753
79626	-1.5061699844592
23237	-1.51813583703808
1536	-2.12975332281576
7225	-1.51195483657068
5744	3.69607838881316
1776	-2.0101506796425
5881	1.93783609699082
3866	4.04137606512023
2745	-1.3651064464973
27253	-1.44006645895573
80736	-2.51594489409788
6034	-1.41984053997548
3913	-1.40084989333577
2202	-2.19952172143756
10057	2.25833936092983
147463	-1.93337081268228
9398	-1.33823699241496
29091	-1.72285147198563
55930	-1.39182639020351
11309	-2.02560794828306
6641	-1.50918151814226
3113	-2.14442260490999
105377283	1.93077944265345
5217	2.3022629027671
3925	1.60391151718241
9674	-1.44253344719792
25907	2.12413807692052
7177	-2.24924184066834
28999	-1.62554420345694
6657	3.62585943594511
10276	1.42328069608423
222166	-1.45157082360358
3764	-1.5530220336526
283897	-1.49779489567164
353189	-1.54908509762783
204219	2.27430125030125
100616117	1.83704651034645
80727	1.45327566464301
58473	-1.70309821045338
2624	-1.7824483245085
3426	-1.62597081691766
7052	-2.16140244506309
4312	4.21902671797645
5265	-3.13554670840331
6439	-5.81641252944141
140707	1.34165777450504
7049	-1.72838624295836
401546	-1.76568253929221
5328	2.37730816962349
10643	1.67874272321533
195828	1.41406093027306
10804	4.11100796136835
5792	1.34132605699365
3119	-2.04186915574031
57619	-1.43572430847252
1308	3.7852098379776
727	-1.38359310490173
3071	-1.58316060504956
3315	1.71549240993079
55366	1.58393622580896
9473	-1.56947201750999
6652	1.46214720162706
6666	1.52607779739307
10797	1.62786231267611
6503	-1.52619574705826
100507057	1.47348406408225
255743	-1.96792311955763
3128	-2.16527756638602
3148	1.32499868182677
26499	2.10647523096103
158078	-1.92974465299366
10581	-1.50446509914081
57016	4.47536442656443
10468	2.2843906451486
3115	-2.05665086368411
5551	-1.76929646818191
1606	1.32462294700527
26353	-2.00753120995892
8796	-2.78245595008329
7802	-2.00906003872081
26157	-1.39448320009014
79170	-2.30762236624934
8038	1.8662707498902
182	1.95839480825647
6272	-1.38762094541263
710	-1.73950327902224
3394	-1.57096396642571
83699	-1.42049278415649
4005	-1.63792564230841
6338	-2.31464985549856
3249	-1.77631847488824
53905	-1.90188930926758
3861	5.34222845623111
6695	1.72357956901972
1749	2.49114772262733
5468	-1.83649299222949
5552	-1.93804635358621
253827	-1.60504860702798
122953	-1.3362301856803
5950	-2.69562817929187
30061	-1.75503368651603
4688	-1.7282378260005
11067	-2.1421227734199
54507	-2.00346174024154
3122	-2.25062252300439
28978	1.32228609945887
4629	-2.27060027766241
51148	1.4612366842895
51365	-1.92091635996749
9353	-1.77286212076182
51338	-1.70938065563034
63940	-1.50336080014552
80139	1.68622747362813
2115	-1.54717109124871
732	-1.90993033499016
4188	1.69145102146012
64499	-2.18111505516598
9002	-1.34528297899725
101927123	-1.54070070926881
59341	1.54232012895047
366	-1.7711207346575
5269	-1.33557218936151
6578	-2.48164247256351
283298	-1.39416134365308
107986809	-1.80757763074882
1164	1.7163179750775
150223	1.5018731245228
26051	-1.51449895088458
5912	1.36383311000846
247	-2.53031440854484
54440	-1.63370728331909
2556	1.37002367120013
100500812	-1.79367581101209
5788	-1.68758104691612
56967	-1.55080200326892
4653	-1.40027658950314
3570	-1.48147253774201
165918	1.39515576336767
3684	-1.47119750955381
199	-1.63619117938639
195814	-2.06122517252334
10509	1.89935836181149
1397	-1.77773341128119
646962	-1.53416221709428
8875	-1.33775202478223
6699	5.22482405180275
83641	-1.40078143062443
91663	-2.11377290688256
83706	-1.48716917197817
285313	-1.40014358200339
10462	-1.38916212494632
79148	-2.15391441391429
1806	-1.35170752318706
56169	1.89079102165701
83648	-1.79875103730365
10763	-1.72268326282657
3696	1.55180677641633
56892	-2.54962142259174
6581	-2.09093258228011
7058	2.2811198489746
55450	-1.88901434454585
6445	-1.44915299288441
57139	-1.33926047441501
6425	-1.63097618622963
4069	-2.61242320446833
54498	1.51170854094028
397	-1.44910610232487
10278	1.46877278768578
54742	1.67154664074999
3109	-1.71422491244249
55806	1.94031454100982
85439	1.35712540534466
3290	-1.35416885911983
4237	1.89846374756716
6591	1.77310068767236
4327	-1.86424330441617
653553	1.44331068978432
55765	1.42852469836868
92312	1.79503113997531
23213	2.18639963113326
6665	2.49526855935963
712	-2.20359047973858
8702	1.48234986994284
5017	1.75679665086514
8013	-2.02385777813462
100506305	2.34510219659797
27123	-1.41495225786345
6237	-1.45184826651169
2040	-1.45073434433029
219972	-1.55476584411472
3903	-1.4799345754026
3383	-2.38610819869489
2353	-2.45875737031844
2207	-1.75932959932422
201294	-1.69141482805463
1230	-1.49271825909543
10231	-1.48727084261263
4582	-2.65265384718779
25878	1.94773573226633
2304	3.09193471945693
440	1.56040083429806
284340	-2.89456094718168
6541	1.35600417245536
105377007	1.87375582439266
83715	1.73755167961112
10870	-1.58215406467185
140597	-1.39252023925234
7356	-5.75493133606895
5723	1.42502332635839
963	-1.76242719894396
4680	-3.20530291167267
2182	-1.32258319447387
6330	-1.61533345567925
3224	1.4042187317688
5366	1.89977554174699
1290	2.16985974742312
1755	-3.41711432947917
3491	-1.96334983539851
7022	1.7131014936588
4689	-1.47539085115779
7089	-1.58371571784191
219621	-1.52845296310836
4499	-2.34852493280653
713	-2.18477711027578
972	-2.01494639667427
5337	1.41715092803789
55287	1.74782955849208
53833	2.63686924645562
3575	-2.0100777427548
343637	-1.46319759292155
10261	-1.43061621598501
51450	1.84509945258365
3772	-1.54114073862908
113146	2.01774120593729
1852	1.97443857422506
256236	-1.68278036821338
7164	1.51339764698605
254552	1.36820759317318
24147	1.41049265123928
118932	1.71612606199704
4118	-1.70443053968497
54626	1.86544928363762
951	-1.68125808087524
5549	-2.19246148078938
50512	1.96820804355859
9308	-1.73197422399045
196051	1.3559042474686
2877	4.20241236056085
127534	1.42586476804215
7805	-1.74885790829113
6387	-1.57425651801851
51296	-1.46616040155882
5627	-1.52735496902571
221476	-1.74319864212553
80223	-1.73378727503067
51267	-1.44737955413808
57530	-1.78351435185772
5522	1.92942058284578
1602	-1.37035626525731
8425	-1.71282151269663
26585	1.91317101090375
124930	1.39296427518573
2729	2.10262595739041
6614	-1.5835964737879
7431	-1.65193885853218
144568	2.60444237183207
768	3.26846440012695
221838	-1.64199042696908
3797	1.33876187340536
10319	-1.49022785216125
2118	1.99845657001197
6509	1.66787372910867
27092	-1.92323816727243
84518	2.87212301856142
139728	1.50324050578064
8418	-1.42940611814664
23037	-1.55195641662954
4192	1.95904988287336
57216	1.829237619281
7161	1.40309711591183
5803	2.31707415469494
200879	-1.76002938188888
5270	1.75932482935753
65989	1.59286064671542
9404	-1.39924838313837
163351	2.95099234709425
7832	-1.41672522593077
1277	2.88749295120679
161342	2.01090736380856
79919	-1.64306463215492
5420	-1.54228565574519
54749	-1.55560906956378
8406	-1.54108103774638
26154	1.50514611147851
5740	-1.74013658882778
1511	-1.40429625030822
57493	-1.48286980778319
8784	2.03591188832994
1734	1.5079014288405
2214	-1.78610742156214
404550	1.52600235250761
2113	-1.54396202848508
115361	-1.60954285217484
10874	2.06726937072736
7078	-1.41300214842161
9770	-1.69824370956812
2266	-2.97887058351286
4628	-1.41045149681437
6659	1.64209895572737
3713	2.99318962421541
2810	2.6867360599232
4610	1.44080733821092
27289	-2.56255082409658
4128	-1.66598324485145
1612	-1.76307675192183
10875	-1.43995152274735
8538	1.88625322280192
284119	-1.40326815956955
27143	-1.36425741251329
10518	1.44076458148677
55190	1.54987723932985
2621	-1.47992573613666
84290	2.637427670256
4121	-1.35812698214903
4223	-1.34479530432974
1264	-1.57089681736628
83959	1.49836366169689
115572	-1.56594360091772
1029	2.19037237559938
114771	2.26294219441797
154064	2.22509698808117
650	-1.85155414024905
9635	3.92987130145926
10232	-3.1545977786993
9590	-1.65649753474249
2786	1.62536610689505
10216	-2.35179097518346
2702	-1.65178930870279
6278	3.94800334367715
105373869	1.54871731836387
10644	2.00873865528118
92196	3.12279707357242
1848	-1.5989046375686
858	-1.75751969613222
920	-1.50548622217072
1634	-1.61926002104502
56963	1.39815602379474
100506119	1.52338086969047
3936	-1.48815612493644
79755	1.96599823706607
1803	-1.51174679279924
26084	-1.69312114495804
26872	1.66401306811155
27134	-1.35167758941267
1281	2.56776664034703
3949	-1.32692838975698
64344	-1.33431896988366
771	2.36012159068409
4318	2.43300744319777
5352	1.48945449991631
9076	2.78295966141777
57580	-1.40954548645937
84141	-1.45911476148103
7027	1.33915898045221
655	2.20042333177663
9332	-1.74153449156207
2212	-1.3861502219041
6700	4.3709529438639
5083	1.44822785730348
653499	2.79559129900805
91461	-1.43934970175982
26577	-1.62400325063268
3202	-1.372446929833
221935	1.32658390582608
221393	1.69343286042323
283248	1.54724582029358
3655	1.72300488619539
3579	-1.35781049164126
127733	-1.41727835389899
467	-1.68981733779035
2921	-1.85222469955389
4363	1.47049858649466
79623	1.99770576521801
25849	-2.02006843570536
2524	1.39315054211517
144809	-1.9953975210662
7102	-2.00841631149276
51458	3.070948303422
6703	3.83149328889928
64759	-1.41100396796779
7546	1.46957341527125
3577	-1.45266515093966
360159	1.68809454890087
3039	-1.33608547702505
54578	1.43673373340247
290	-1.331269078342
6698	4.4582746015723
26256	1.52212456351345
3120	-1.74466959987454
5196	-1.41048229822218
10962	1.51789210177798
8910	-1.40291389203579
387758	-1.48947770926354
1241	1.42564951043613
131578	1.81352658623044
4248	-1.74116443468419
28983	2.57821245675263
5275	3.0972129190423
9023	-1.63825180279796
6565	-1.37900519324748
646	2.34590241465051
1289	1.88698426791732
3486	2.07177960746953
79412	1.94865456300191
53637	1.56092595182166
3117	-1.73583457092498
5318	1.35193015445684
7291	1.61374380153069
57115	1.40928353684723
6972	-1.79144277452826
3400	-1.80414279267954
65268	1.62880012768288
3689	-1.45596051001356
407018	-1.33297337483479
1435	-1.3348275898567
6414	-1.84388735102787
6662	1.8130262198728
58480	-1.36509455343024
8581	3.72553469176781
79774	1.46064389758229
51816	-1.53608203343281
3321	1.37794512924257
1440	-2.6944550970931
7138	2.0013131806898
3858	1.57753892173569
341	-2.08580197480655
23682	1.76226948754352
101927686	1.78333726501832
820	-1.552756057914
401022	-1.43052175682128
6382	1.55780340794307
2015	-1.35096773857063
126433	1.77249656704766
407010	-1.44453339323352
7039	1.47616653246351
80129	-1.34339337798742
441478	1.60825084877127
100288413	1.43282397303496
9510	-1.58241770352506
719	-1.36972703220932
30846	-1.3539713293863
53826	-1.35682964621464
106481221	2.24850275251767
8456	1.50138005215194
10409	1.68199987946667
55959	1.61585363494707
7345	2.54784813526515
286887	3.11368233974554
222256	-1.45567263464513
718	-1.99343905290559
1469	2.58357293040486
140576	1.48133662523737
6707	3.83895237636113
8530	-1.40417546662908
4489	-2.28170598820378
5266	4.09421371822315
128178	1.42795419050413
51316	-1.61835607031896
342897	2.06194462746616
51364	-1.77391190181334
1839	-1.82683397163304
1750	1.40862577090036
2170	-1.57707026229407
6340	-1.57604600918995
4837	-1.48779806792049
1805	-1.6594174288931
8572	1.33234983758143
27242	1.33313578378231
714	-1.65947286238935
9021	-1.56200587481815
8710	1.7342567072021
132671	-1.41780289308245
3053	-1.49245719634934
2215	-1.4368897940887
26047	1.50783444354484
135228	1.3883838288332
651	-1.44177342569557
9407	2.44940697333406
9001	1.40430961292673
11166	1.80749901110308
1510	-2.71441854894803
84985	2.49345322189134
345895	-1.47972509753323
128876	1.97657554601293
51083	1.35712616958357
10272	-1.54645413666619
4818	-1.72409108391654
7103	-1.63148059295375
7477	1.5659329337233
4319	3.3327839046181
22801	1.3614368257578
9037	-1.44829325816613
5997	-1.52836309787792
5919	-1.38379651831125
2006	-1.91616993792756
3860	3.77180617326981
153572	-1.37767905916539
55061	1.57004600315894
10736	1.82982762661967
3236	1.40325384061334
9536	1.87359324061705
56300	2.27288672753588
3217	1.50087432025672
11076	-1.45547928824319
8862	-1.83439483664503
1958	-1.65117442626618
362	-1.52698233493494
483	1.34725911000902
83659	-1.59321513441326
149708	1.78157865087653
80328	1.43306803351507
84152	-1.46728816066375
90161	1.41972888945386
83661	-1.9397694628784
65108	1.53025652295415
6495	1.32613045338696
3880	1.67985624286077
347735	1.40850197176013
5228	1.49616075054894
3855	-2.66313061821417
6590	-2.40770016776796
9547	2.89263897562065
64332	-1.36422190891584
27299	1.36574598801077
388633	-1.8043369691645
4314	1.91131814214292
132203	-1.37102899473885
89765	-1.62170359512488
29950	-1.38060880416812
101927416	-1.74111181429526
3118	-1.60695431071193
80086	-1.34919852906783
6374	-1.9871288280288
9502	-1.48693081788141
81575	-1.39630350476407
4929	-1.58357082416162
23566	1.40681067763309
9846	-1.39684817304777
8835	-1.3486478903524
6704	3.2845424169386
56666	1.34962764887294
143662	-1.36680112892916
4322	2.68143746926689
254956	-1.62077664225506
2139	1.90249023473441
4148	-1.37741594222809
5004	-1.48657602477235
1191	-1.54248320327381
9982	2.41974339720128
3239	1.45917488725725
401551	-1.742303686678
51806	2.80078207244764
147166	1.51256903909644
26525	1.72509577050715
387885	-1.33313911959345
4103	2.71917317773515
83853	-1.36838792895612
4017	1.46725921086101
6706	2.36447129836247
60681	1.39032190417052
84624	1.47779522764048
11254	-1.92131048266676
4897	1.36333624684177
9576	-1.44093989105858
144501	1.54144844978398
2999	-1.42078625393306
5653	1.75816902372442
5168	-1.49593953032906
6318	2.20495259961436
2302	-1.87505654233461
23657	1.47867256216918
145741	1.39617236430906
57451	1.79649979174821
1646	2.66589431461684
90506	-1.43312511295424
11202	1.45284950998795
10397	1.54068625635509
6274	-1.36795466185914
1490	-1.37680724252186
54209	-1.35396056541651
1288	1.44829735304353
3371	1.74716236065028
3918	1.61436754504828
10631	1.85710054322151
6366	-1.75900005247109
6542	-1.3842497604124
100133941	1.34608937024912
133690	-1.59799415933588
3485	2.03209230210483
5055	1.84209683064054
56033	1.61473472781545
27285	-1.35272412497033
563	-1.74808445708739
828	-1.69949264866048
374918	1.99215142120152
3226	1.5661558496582
374897	2.39653704582703
10331	1.33630193380834
344887	1.99961253021724
374	-1.50380928893608
3569	-1.99536613745666
79983	1.45120711385386
79679	1.78601845010287
5947	1.44588964192442
2201	1.44447069805865
597	-1.40064011657761
55600	-2.086500374691
147744	-1.66140504332677
1056	1.38433937430731
1475	2.26473085845314
653145	1.39085720094337
348938	1.39521457235417
51702	1.63820514460484
84659	1.49632183000325
6317	2.64262849025386
100505633	1.74594272982252
1591	1.33111990673991
1278	1.52393982357049
131	2.31652580525049
56265	1.49996986343878
7348	2.71991039636324
9119	1.40456637389254
80740	1.43118970897216
6705	1.81304259646587
29785	1.55884207678173
6702	2.06241483508238
54544	1.45370160293248
8745	1.80738106983606
3512	-1.85355869714911
57007	1.40947543026224
50486	-1.38566267963303
339967	1.61057324662289
388533	2.07528997404705
84648	1.65084084785771
9518	-1.40271450349003
57834	1.86419382466275
22802	1.33093356474713
3881	1.63819812842107
360	-1.72654370474267
1066	-2.18838159755565
6362	-1.58150431997731
11211	1.33175443682111
4747	1.52982336771263
4102	1.55810403357318
6423	1.53906214969778
25928	-1.55057300936143
1365	-1.32971469858491
2939	-1.37821323201132
4105	1.5041962560292
6401	-1.43795577447152
401138	1.87139349061875
2719	-1.61599531588125
29113	1.43648298353194
3240	-1.58933682529217
5743	-1.37442878211357
25984	1.45484028967458
92747	-2.47855783512457
26998	1.32734187579046
3963	1.34327027669508
2243	-1.3355146054832
4915	1.56467813756204
5320	-1.52305895615698
10551	-1.35046921606731
4922	2.68682868548379
6347	-1.53832687948892
3503	1.85853181640207
4051	1.36345312456314
10563	1.94119259785246
1645	1.60110533183091
3851	-1.37318634233867
218	1.64381994391011
